structure(list(id = c("AL_1", "AL_2", "AK_1", "AK_2", "AZ_1",
"AZ_2", "AR_1", "AR_2", "CA_1", "CA_2", "CO_1", "CO_2", "CT_1",
"CT_2", "DE_1", "DE_2", "FL_1", "FL_2", "GA_1", "GA_2", "HI_1",
"HI_2", "ID_1", "ID_2", "IL_1", "IL_2", "IN_1", "IN_2", "IA_1",
"IA_2", "KS_1", "KS_2", "KY_1", "KY_2", "LA_1", "LA_2", "ME_1",
"ME_2", "MD_1", "MD_2", "MA_1", "MA_2", "MI_1", "MI_2", "MN_1",
"MN_2", "MS_1", "MS_2", "MO_1", "MO_2", "MT_1", "MT_2", "NE_1",
"NE_2", "NV_1", "NV_2", "NH_1", "NH_2", "NJ_1", "NJ_2", "NM_1",
"NM_2", "NY_1", "NY_2", "NC_1", "NC_2", "ND_1", "ND_2", "OH_1",
"OH_2", "OK_1", "OK_2", "OR_1", "OR_2", "PA_1", "PA_2", "RI_1",
"RI_2", "SC_1", "SC_2", "SD_1", "SD_2", "TN_1", "TN_2", "TX_1",
"TX_2", "UT_1", "UT_2", "VT_1", "VT_2", "VA_1", "VA_2", "WV_1",
"WV_2", "WI_1", "WI_2", "WY_1", "WY_2", "WA_1", "WA_2"), x = c(-8.2,
4.2, -157.8, -145.2, -133.2, -120.8, -58.2, -45.8, -158.1, -145.8,
-108.2, -95.8, 66.8, 79.2, 66.8, 79.2, 41.8, 54.2, 17.2, 29.6,
-157.7, -145.1, -133.2, -120.8, -33.2, -20.8, -33.2, -20.8, -58.2,
-45.8, -83.2, -70.8, -33.2, -20.8, -58.2, -45.8, 91.8, 104.2,
41.8, 54.2, 66.8, 79.2, -8.2, 4.2, -58.2, -45.8, -33.2, -20.8,
-58.2, -45.8, -108.2, -95.8, -83.2, -70.8, -133.2, -120.8, 91.8,
104.2, 41.8, 54.2, -108.2, -95.8, 41.8, 54.2, 4.2, -8.2, -83.2,
-70.8, -8.2, 4.2, -83.2, -70.8, -158.1, -145.8, 16.8, 29.2, 91.8,
104.2, 16.8, 29.2, -83.2, -70.8, -33.2, -20.8, -83.2, -70.8,
-133.2, -120.8, 66.8, 79.2, 16.8, 29.2, -8.2, 4.2, -58.2, -45.8,
-108.2, -95.8, -158.1, -145.8), y = c(446.9, 446.9, 300.1, 300.1,
421.9, 421.9, 421.9, 421.9, 396.9, 396.9, 396.9, 396.9, 371.9,
371.9, 396.9, 396.9, 471.9, 471.9, 446.9, 446.9, 471.9, 471.9,
346.9, 346.9, 346.9, 346.9, 371.9, 371.9, 371.9, 371.9, 421.9,
421.9, 396.9, 396.9, 446.9, 446.9, 296.9, 296.9, 396.9, 396.9,
346.9, 346.9, 346.9, 346.9, 321.9, 321.9, 446.9, 446.9, 396.9,
396.9, 346.9, 346.9, 396.9, 396.9, 371.9, 371.9, 321.9, 321.9,
371.9, 371.9, 421.9, 421.9, 346.9, 346.9, 421.9, 421.9, 346.9,
346.9, 371.9, 371.9, 446.9, 446.9, 371.9, 371.9, 371.9, 371.9,
371.9, 371.9, 421.9, 421.9, 371.9, 371.9, 421.9, 421.9, 471.9,
471.9, 396.9, 396.9, 321.9, 321.9, 396.9, 396.9, 396.9, 396.9,
346.9, 346.9, 371.9, 371.9, 346.9, 346.9), height = c(24L, 24L,
24L, 24L, 24L, 24L, 24L, 24L, 24L, 24L, 24L, 24L, 24L, 24L, 24L,
24L, 24L, 24L, 24L, 24L, 24L, 24L, 24L, 24L, 24L, 24L, 24L, 24L,
24L, 24L, 24L, 24L, 24L, 24L, 24L, 24L, 24L, 24L, 24L, 24L, 24L,
24L, 24L, 24L, 24L, 24L, 24L, 24L, 24L, 24L, 24L, 24L, 24L, 24L,
24L, 24L, 24L, 24L, 24L, 24L, 24L, 24L, 24L, 24L, 24L, 24L, 24L,
24L, 24L, 24L, 24L, 24L, 24L, 24L, 24L, 24L, 24L, 24L, 24L, 24L,
24L, 24L, 24L, 24L, 24L, 24L, 24L, 24L, 24L, 24L, 24L, 24L, 24L,
24L, 24L, 24L, 24L, 24L, 24L, 24L), width = c(11.5, 11.5, 11.5,
11.5, 11.5, 11.5, 11.5, 11.5, 11.5, 11.5, 11.5, 11.5, 11.5, 11.5,
11.5, 11.5, 11.5, 11.5, 11.5, 11.5, 11.5, 11.5, 11.5, 11.5, 11.5,
11.5, 11.5, 11.5, 11.5, 11.5, 11.5, 11.5, 11.5, 11.5, 11.5, 11.5,
11.5, 11.5, 11.5, 11.5, 11.5, 11.5, 11.5, 11.5, 11.5, 11.5, 11.5,
11.5, 11.5, 11.5, 11.5, 11.5, 11.5, 11.5, 11.5, 11.5, 11.5, 11.5,
11.5, 11.5, 11.5, 11.5, 11.5, 11.5, 11.5, 11.5, 11.5, 11.5, 11.5,
11.5, 11.5, 11.5, 11.5, 11.5, 11.5, 11.5, 11.5, 11.5, 11.5, 11.5,
11.5, 11.5, 11.5, 11.5, 11.5, 11.5, 11.5, 11.5, 11.5, 11.5, 11.5,
11.5, 11.5, 11.5, 11.5, 11.5, 11.5, 11.5, 11.5, 11.5), xmax = c(3.3,
15.7, -146.3, -133.7, -121.7, -109.3, -46.7, -34.3, -146.6, -134.3,
-96.7, -84.3, 78.3, 90.7, 78.3, 90.7, 53.3, 65.7, 28.7, 41.1,
-146.2, -133.6, -121.7, -109.3, -21.7, -9.3, -21.7, -9.3, -46.7,
-34.3, -71.7, -59.3, -21.7, -9.3, -46.7, -34.3, 103.3, 115.7,
53.3, 65.7, 78.3, 90.7, 3.3, 15.7, -46.7, -34.3, -21.7, -9.3,
-46.7, -34.3, -96.7, -84.3, -71.7, -59.3, -121.7, -109.3, 103.3,
115.7, 53.3, 65.7, -96.7, -84.3, 53.3, 65.7, 15.7, 3.3, -71.7,
-59.3, 3.3, 15.7, -71.7, -59.3, -146.6, -134.3, 28.3, 40.7, 103.3,
115.7, 28.3, 40.7, -71.7, -59.3, -21.7, -9.3, -71.7, -59.3, -121.7,
-109.3, 78.3, 90.7, 28.3, 40.7, 3.3, 15.7, -46.7, -34.3, -96.7,
-84.3, -146.6, -134.3), ymax = c(470.9, 470.9, 324.1, 324.1,
445.9, 445.9, 445.9, 445.9, 420.9, 420.9, 420.9, 420.9, 395.9,
395.9, 420.9, 420.9, 495.9, 495.9, 470.9, 470.9, 495.9, 495.9,
370.9, 370.9, 370.9, 370.9, 395.9, 395.9, 395.9, 395.9, 445.9,
445.9, 420.9, 420.9, 470.9, 470.9, 320.9, 320.9, 420.9, 420.9,
370.9, 370.9, 370.9, 370.9, 345.9, 345.9, 470.9, 470.9, 420.9,
420.9, 370.9, 370.9, 420.9, 420.9, 395.9, 395.9, 345.9, 345.9,
395.9, 395.9, 445.9, 445.9, 370.9, 370.9, 445.9, 445.9, 370.9,
370.9, 395.9, 395.9, 470.9, 470.9, 395.9, 395.9, 395.9, 395.9,
395.9, 395.9, 445.9, 445.9, 395.9, 395.9, 445.9, 445.9, 495.9,
495.9, 420.9, 420.9, 345.9, 345.9, 420.9, 420.9, 420.9, 420.9,
370.9, 370.9, 395.9, 395.9, 370.9, 370.9)), .Names = c("id",
"x", "y", "height", "width", "xmax", "ymax"), class = c("tbl_df",
"tbl", "data.frame"), row.names = c(NA, -100L)) -> senate_df